Accuracy: 0.550 (26535/48271 classified correctly)
Confusion matrix:
    AR   BG   CH   CR   CZ   FR   GE   JA   KO   PL   PO   RU   SP   SW   TH   TU   VN  
AR  634  18   61   137  41   4    40   32   57   58   303  347  125  174  12   142  0   
BG  8    2052 12   62   82   21   18   88   27   303  216  142  7    84   13   25   6   
CH  17   21   1441 16   97   21   12   190  394  34   72   90   90   117  66   66   5   
CR  33   19   10   687  105  25   47   15   75   168  96   463  409  198  8    394  3   
CZ  14   133  15   152  1500 27   32   71   19   598  185  204  38   168  118  71   1   
FR  30   21   44   47   61   1810 23   37   47   162  73   253  59   241  9    62   3   
GE  57   12   41   119  188  5    1537 56   22   114  262  195  15   159  2    107  0   
JA  4    25   221  1    225  8    76   429  101  4    8    21   26   8    11   72   0   
KO  17   4    88   34   123  34   4    185  1891 13   51   70   157  161  22   131  6   
PL  32   141  11   102  85   13   37   37   23   2632 122  383  35   183  48   13   18  
PO  15   51   29   74   41   17   38   15   72   39   1264 245  76   234  14   33   19  
RU  28   100  99   334  94   78   2    36   65   166  224  1828 264  113  3    195  6   
SP  85   54   13   108  112  48   9    19   94   49   129  416  940  469  6    245  3   
SW  29   19   1    233  131  28   35   17   65   82   99   249  134  1835 7    94   0   
TH  49   32   63   2    35   3    17   70   155  80   2    27   23   52   2745 1    33  
TU  22   25   13   181  120  9    8    16   281  49   115  278  55   145  1    1400 2   
VN  12   4    11   1    43   52   1    15   63   4    1    7    13   7    13   17   1910
C_primary value: 0.596
