Accuracy: 0.724 (10659/14715 classified correctly)
Confusion matrix:
    AR   BG   CH   CR   CZ   FR   GE   JA   KO   PL   PO   RU   SP   SW   TH   TU   VN  
AR  211  1    3    19   5    0    4    2    3    7    52   66   14   42   0    4    0   
BG  0    740  1    0    7    1    3    2    0    47   17   9    0    2    1    0    0   
CH  6    0    506  3    12   0    1    29   116  10   8    10   7    17   2    6    0   
CR  1    0    0    234  11   0    3    0    2    29   9    110  100  30   0    76   0   
CZ  1    35   0    36   675  4    4    5    2    190  23   15   4    12   19   5    0   
FR  1    0    4    7    5    702  0    0    2    50   4    32   1    26   0    5    0   
GE  14   2    11   18   84   1    719  6    7    47   45   60   2    34   1    22   0   
JA  0    4    95   0    67   4    20   122  13   0    1    1    7    0    1    14   0   
KO  1    0    32   4    32   5    0    30   597  0    2    11   36   40   2    14   0   
PL  1    15   0    8    8    0    3    1    2    913  2    53   0    11   3    1    1   
PO  1    6    4    14   3    7    6    0    10   1    427  58   12   83   6    2    3   
RU  3    17   33   117  11   24   2    7    14   47   45   892  95   23   0    62   1   
SP  17   1    0    14   25   2    1    0    5    7    25   101  284  142  1    42   2   
SW  3    3    0    81   25   8    2    2    9    22   16   79   30   905  0    22   0   
TH  6    2    5    0    4    0    0    8    35   3    0    5    2    7    1102 0    2   
TU  0    3    3    38   7    1    1    4    48   11   20   72   4    16   0    512  1   
VN  1    0    0    0    9    12   0    1    13   0    0    2    1    1    0    3    1118
C_primary value: 0.403
