Accuracy: 0.692 (13502/19523 classified correctly)
Confusion matrix:
    AR   BG   CH   CR   CZ   FR   GE   JA   KO   PL   PO   RU   SP   SW   TH   TU   VN  
AR  353  3    11   43   10   0    9    3    3    10   105  129  37   76   1    25   0   
BG  0    1053 1    5    19   1    3    3    0    82   40   16   0    8    1    0    0   
CH  6    3    710  3    22   0    1    41   164  15   16   20   20   21   11   6    0   
CR  3    3    1    356  27   4    5    0    7    57   20   176  173  54   0    140  0   
CZ  2    50   0    47   827  4    6    6    4    252  39   39   10   25   26   10   0   
FR  2    2    6    9    8    874  1    3    2    57   6    49   7    53   1    7    0   
GE  18   2    11   23   87   1    791  6    7    51   47   63   3    37   1    24   0   
JA  0    4    120  0    97   4    29   184  19   0    2    1    12   0    1    16   0   
KO  3    0    40   3    37   6    0    57   857  0    6    12   59   64   2    25   0   
PL  5    30   0    18   18   2    3    1    2    1298 9    90   4    24   7    1    1   
PO  2    13   8    15   6    6    8    0    21   6    596  90   20   104  9    6    4   
RU  4    25   40   149  14   27   2    7    15   63   56   1059 116  31   0    68   1   
SP  25   9    1    26   38   6    1    1    15   9    35   164  473  210  1    84   2   
SW  4    4    0    87   32   8    5    1    11   28   21   90   36   1000 0    20   0   
TH  6    5    6    0    3    0    1    8    39   5    0    5    3    8    1229 0    4   
TU  2    4    3    63   19   3    1    6    73   14   31   106  7    31   0    724  1   
VN  1    0    0    0    9    12   0    1    13   0    0    2    1    1    0    3    1118
C_primary value: 0.424
