AR 006 009 017 050 051 058 104
BG 027 042 053 072 078 094 105
CH 017 021 026 034 036 045 055 120 123 124 125 126 127
CR 003 016 024 059 063 076 081 090 092
CZ 006 014 030 037 044 059 062 068 078 082
FR 024 029 044 049 051 059 063 065 076 100
GE 016 022 045 047 068 074 076
JA 004 008 013 035 042 065 075 076 078 201 209 212 216 221
KO 003 038 046 071 076 078 079 087 090 100
PL 008 018 022 036 047 066 068 091 095
PO 070 071 101 114 119 127 129 130 140 149
RU 025 066 071 074 079 084 101 115 119 120 121
SP 020 022 043 054 059 074 079 080 089 097
SW 012 014 024 026 050 071 077 081 085
TA 005 012 034 043
TH 010 024 031 032 058 059 060 075 084
TU 017 020 035 040 049 051 062 077 091 093
VN 012 015 048 051 058 063 065 092 101 111 124 125
WU 005 013 014 015
