001|male|9411300001,9411300002,9411300004 
002|male|9411300005,9411300007,9411300008,9411300009,9411300012,9411300010 
003|male|9411300011,9411300018,9411300019,9411300020,9411300013 
004|male|9411300031,9411300023,9411300034,9411300038 
005|male|9401010002,9401010010,9401010013,9401010014 
006|male|9401010026,9401040001,9401040008 
007|male|9401010021,9401040002,9401040009 
008|male|9401010029,9401040003,9401040005 
009|female|9401040014,9401040047,9401040016,9401040021,9401040023 
010|male|9401040024,9401040025,9401040028,9401040035 
011|female|9401050001,9401050002,9401050003,9401050004 
012|male|9401050005,9401050006,9401050011,9401050012 
013|male|9401050013,9401050015,9401050016 
014|male|9401050017,9401050018,9401050026,9401060003,9401060001 
015|male|9401050028,9401050029,9401060004,9401060011,9401060006 
016|male|9401060015,9401060017,9401010013 
017|male|9401040036,9401040052,9401040074,9401060044 
018|male|9401060038,9401060033,9401060042,9401060051 
019|male|9401060050,9401060049,9401060052,9401060030 
020|male|9401060054,9401060050,9401060051,9401060053,9401060055 
021|male|9401060065,9401060064,9401060075,9401060061 
022|male|9401010002,9411300059,9411300060,9411300061,9411300062,9411300063,9401040095,9401040102 
023|female|9401040073,9401040074,9401040078,9401040079,9401040081,9411300072 
024|male|9401060066,9401060077,9401060055,9401060056,9401060039 
025|male|9409010002,9409010001,9409010003,9409010004 
026|male|9401050030,9401060002,9401060018,9409010005,9401060013,9401050028 
027|male|9409010006,9409010007,9409010013,9409010014,9409010011 
028|male|9409010020,9409010021,9409010030,9409010029,9409010031,9409010015 
029|male|9409010033,9409010032,9409010045,9409010046 
030|female|9409010039,9409010049,9409010038,9409010051,9409010085 
031|male|9409010050,9409010040,9409010083,9409010053 
032|male|9409010084,9409010086,9409010087,9409010102,9409010089 
033|male|9409010103,9409010116,9409010107,9409010119 
034|male|9409010118,9409010121,9409010122,9409010093,9409010134,9409010090,9409010135,9409010136 
035|male|9409010108,9409010137,9409010139,9409010138,9409010144,9409010140,9409010123 
036|male|9409010131,9409010145,9409010128,9409010109,9409010124,9409010105,9409010111,9409010112,9409010146,9409010147 
037|male|9409010148,9409010149,9409010157,9409010150,9409010156 
038|male|9409010158,9409010228,9409010224,9409010226,9409010227,9409010152,9409010153,9409010113,9409010110 
039|male|9401090006,9401090003,9401090004,9401090005 
040|male|9409010247,9409010240,9409010241,9409010285,9409010283,9409010286 
041|male|9409010229,9409010244,9409010276,9401090001,9409010348 
042|male|9409010303,9409010302,9409010298,9409010242,9409010299,9409010300 
043|female|9401090039,9401090040,9401090054,9401090050,9401090052,9401090051 
044|male|9401090079,9401090078,9401090076,9401090069 
045|male|9401090069 
046|male|9401090065 
047|female|9401110212,9401110213,9401110219 
048|female|9401110201,9401110182,9401110185 
049|male|9401090082,9401090063,9401090064,9401090061,9401090085 
050|male|9401090085,9401090108,9401090151,9401090162 
051|male|9401090175,9401092001,9401092004,9401092016,9401090193 
052|male|9409010397,9401090017,9409010396,9409010401 
053|male|9401090055,9401090056,9401090053,9409010361,9409010365,9409010404,9409010353 
054|male|9409010407,9409010358,9409010409,9409010399,9401090015 
055|male|9401092019,9401090012,9401090014 
056|male|9409010380,9401090016,9409010360,9409010368,9409010379,9401090035 
057|female|9401090030,9401090026,9401090036,9409010403,9409010369 
058|male|9409010359,9401090025,9409010363,9401090029,9401090031,9409010315,9409010316 
059|male|9401100001,9401100002,9401100016,9401100009,9409010338,9401100008 
060|male|9401100021,9401100011,9401100024,9401100025 
061|male|9401100026,9401100004,9401100003,9409010332 
062|male|9401100030,9401100031,9401100047,9401100052,9401100063 
063|male|9409010351,9401100076,9401100074,9401100077 
064|male|9401100086,9401100067,9401100090,9401100088,9401100033 
065|male|9401100041,9401100098,9401100039,9401090009,9409010328,9409010284,9401100095,9401100097 
066|male|9409010451,9409010444,9409010441,9409012006 
067|male|9409010452,9409010445,9409010446,9409010459 
068|male|9409010301,9409010304,9401090158,9409010362,9409010364,9409010349,9409010317 
069|male|9409010329,9401100029,9401100027 
070|male|9401100062,9401100046,9401100048,9401100038,9401100043 
071|male|9401100043,9401100037 
072|male|9409010350,9401100061,9401100065,9401100066 
073|male|9401100064,9401100075,9401100079,9401100087 
074|male|9401100089,9401100032,9401100078,9409010345,9401100050 
075|male|9401100100,9401100107,9401100106,9401100104,9401100101,9401100108,9401100109 
076|male|9401100100,9401100107,9401100115,9401100111,9401100113 
077|male|9401100110,9401100112,9401100120,9401100126,9401100122,9401100114 
078|male|9401100116,9401100096,9401100118,9401100119 
079|male|9401100132,9401100131,9401100137 
080|male|9409012003,9401100148,9409012012 
081|female|9409010442,9409012013,9401100099,9409010456,9409012004,9409010454,9409012005 
082|female|9401100204,9401100202,9401100189,9401100185 
083|female|9401100208,9401100194,9401100195,9401100163,9401100155 
084|female|9401100173,9401100203,9401100190,9401100183,9401100182,9409012019 
085|male|9409012098,9401100207,9409012099,9409012101,9409012140 
086|male|9409012087,9401100138,9409012097,9409012096 
087|male|9409012127,9409012107,9409012169,9409012028,9409012027,9409012029,9409012031,9409012172,9409012174,9409012179 
088|male|9401100130,9401100135 
089|male|9401100139,9401100136,9401100120,9401100122,9401100146 
090|female|9401100198,9401100196,9401100184 
091|male|9401100212,9409012088,9401100220,9401100226,9401100224 
092|male|9401100222,9401100231,9401100183,9409012016,9401100184,9409012022 
093|female|9409010441,9401100269,9401100268,9401100257,9401100259,9401100254,9409012018,9401100185,9401100221 
094|male|9401102002,9401100310,9401100314,9401102069,9401100299,9401100211 
095|male|9409012121,9401102103,9401100305 
096|male|9401102083,9409012102,9409012103,9409012110,9401100306,9401100230 
097|male|9401100189,9401110010,9401100182,9401110001 
098|male|9401100198,9401100189,9401100196 
099|male|9401100202,9401100218 
100|male|9401100241,9401100265,9401100256,9401100255,9401100253 
101|male|9401100288,9401100269,9401100285,9401100315 
102|male|9401100190,9401100266 
103|male|9401102016,9401102088,9401100297,9401100300 
104|male|9401102097,9401102083,9401102076,9401102042 
105|female|9401100325,9401102016,9401102042,9401102069,9401102078 
106|male|9409012070,9409012071,9409012073,9409012075 
107|male|9401110012,9401110013,9401110014,9401110015 
108|male|9401100183,9401110028,9401110011,9401110002,9401100158,9409012118,9409012113,9409012092,9409012083 
109|male|9401100184,9401110021,9409012023,9401100156,9401110029,9401110003,9409012020,.9409012049,9409012119 
110|male|9401100228,9401100155,9401110027,9401110004 
111|male|9401040025,9401110291,9401112131,9401010150,9401010030,9403052134,9405092025 
112|male|9401110055,9401110056,9401110057,9401110059 
113|male|9401110068,9401110067,9401110097 
114|female|9401110069,9401110070,9401110075,9401110093 
115|male|9401110092,9401110095,9401110089,9401110111 
116|male|9401110113,9401110112,9401110114 
117|male|9401110115,9401110111,9401110124,9401110123 
118|male|9401110127,9401110125,9401110141,9401110142 
200|female|1,2,3,4,5,6,7,8 
201|female|9,10,11,12,13 
202|female|14,18,22,25,26,28,29 
203|female|30,31,32,34,36 
204|female|37,39,43,47,49,50,51 
205|female|53,54,55,57,59,65,66,68,70,71,81,83 
206|female|84,86,87,88,100,101,102 
207|female|103,109,110,111,112,113,114,116 
208|female|122,124,125,126,127,128,161,162,163,164,165 
209|female|166,167,172,173,174,175,176,177,178,181 
210|female|252,253,254,263,264,265,266 
211|female|182,183,184,186,187,188,226,227,228 
212|female|229,232,236,237,238,239,240 
213|female|241,248,249,250,267,268 
214|female|269,276,277,282,294,295,296,297,298 
215|female|299,306,307,309,310,312,323,324,327  
216|female|328,329,330,339,340,341,342,343 
217|female|349,352,353,354,358,359,360 
218|female|365,368,369,370,371,374 
219|female|376,382,383,384,386,387 
220|female|390,392,394,395,396,399,407,408 
221|female|409,410,411,412,417,418,419,420,423 
222|female|424,426,428,435,436,440,441,442,454 
223|female|9401040088,9401040089,9401040091 
224|female|449,450,452,453 
225|female|459,460,461,463,464,469,471,472 
226|female|500,507,509,515,516,518,528,532,535 
227|female|536,539,540,543,550,555 
228||536,539,540,543,550,555 
323|male|9409012129,9401100182,9401100204,9409012130 
423|male|9401100217,9401100215,9401100214 
