001|male|09,04,03 
002|female|20 
003|male|26,25,24,19 
004|female|01,02,05 
005|female|06 
006|male|10,11,12 
007|female|15,14,13 
008|female|22,28,23 
012|female|36,39,38 
013|male|44,47,48,52 
014|male|41,42,45 
015|male|49,54,51,50,55,53,63 
016|female|57,56,58,59,62,60 
017|male|66,65,64 
018|male|67,68,69,01,75 
019|male|77,72,03 
020|male|71,70 
021|male|78,04,74 
022|male|05,80,73,76 
023|male|83,84 
024|male|86,87 
025|male|85,82 
026|female|88,89,90,91,92 
027|female|99 
028|male|97,98 
029|male|01,02 
030|male|05,04 
031|female|03,07,08 
032|male|11,10 
033|male|06 
034|male|03,09 
035|female|15,10 
036|female|43 
037|female|19,22,23 
038|female|24,25 
039|male|12,13,14 
040|female|28,26,27 
041|female|27,31,32 
042|male|20 
043|female|30,33 
044|male|36,41,42,44 
045|male|34,35,39 
046|male|33,38 
047|male|37,47,29,46 
048|male|45,40,17,56,54 
049|male|52,57,49 
050|male|70,55,62,50 
051|female|64,65,59,68 
052|male|50,60,61,51,53,58 
053|female|69,67,73 
054|female|71,76,75 
055|female|80,81 
056|male|77,78 
057|male|83,72 
058|male|85 
059|male|78,84 
060|male|86,87 
061|male|88,89,90,91 
062|male|91,94,82,63,95 
063|male|93 
064|female|96,97,98 
065|male|99 
066|female|15,10 
067|male|09,03 
068|male|05,12 
069|male|06 
070|female|11,92 
071|female|08,100,07 
072|female|73,75,57,98 
073|male|33,55,41,25 
074|male|85 
075|male|71 
076|male|77,22 
077|female|28,69,80 
078|female|43 
079|female|64,95 
080|female|83,88 
081|female|87,65,97 
082|female|94,89,47 
083|male|84,90,46 
084|male|44,45 
085|female|39,38,82,52 
086|male|48,35,68,29 
087|male|78,36 
088|male|34,32,27 
089|male|30 
090|male|62,26,72 
091|female|50,31,42,60,56,76,59 
092|female|20 
093|female|11,13 
094|female|40,55,19 
095|male|01,02 
096|female|05,03,04 
097|female|06 
098|male|08,09,10 
099|female|11 
100|female|15,07 
101|female|2403,2404,2405 
102|male|2401,2107,1907,2103,2001,2106,2401 
103|female|1910 
104|female|1908,2002 
105|female|2402,2009,2011 
106|male|2010,2101 
109|male|2807,2710,2711 
110|male|2804,2805,2806 
112|female|0510 
114|female|1011,2702,2701,2703 
115|female|2706,2709,2708 
116|female|1101,1104 
117|female|1014,1012,1009 
119|female|1013,2406 
120|female|2407,2410,2803,2013 
121|female|2102,2409,2412,2411,2108,2109 
122|male|2413,2105,2103 
123|female|1708,1709,1801,1802 
