001|female|5,1,2,3,4 
002|male|9,10,11,12,13,15 
003|male|22 
004|female|6,7,8,24,108 
005|male|107,115,116,121,128,147 
006|female|71,48,41,37,35 
007|female|120,110,111,112,31 
008|female|270,19,23,36,28,16 
009|female|26,18,38,64,39,14 
010|female|65,63,40,44,30,25,42 
011|male|69,66,70,51 
012|female|55,58,81,102,103,56 
013|female|74,75,76,77,27 
014|female|73,34,20,50,52,78,68 
015|female|95,87,86 
016|female|118,117,96,129,119,130 
017|male|53,60,69 
018|female|149,156,160,162,148 
019|female|175,154,159,161,164 
020|male|165 
021|female|190,195,204,193,192,206,187 
022|female|143,219,200,197,185 
023|female|177,176,184,181 
024|male|158,157,163,201,202,170 
025|female|151,171,180,169,168,152 
026|female|188,189,191,203,186,194 
027|female|205,209,82,80 
028|female|83,84,62,89 
029|female|122,29,92,211,178 
030|female|99,210,90,47,179 
031|female|150,230,153,155,167,174,250 
032|female|166,172,173,183 
033|male|196,79,198,32,207,182,260 
034|male|199,17,33,49,240,93 
035|male|232,216,113,46 
036|male|57,72,61,213 
037|male|45,125,124,123,100 
038|male|126,127,131,132,134,135 
039|female|67,91,97,98,208 
040|male|208,91,139,138,215 
041|male|114,217,136,137,140 
042|male|218,106,144,145,64 
043|female|213,131,123,125,124 
044|female|213,131,123,125,124 
045|female|213,131,123,125,124 
046|female|142,212,141,104,105,94,43 
047|female|55,81,58,103,102,70,130 
048|female|66,51,129,40,63,212 
049|male|135,131,123,213,124 
050|female|29,167,150,132,92 
051|female|60,86 
052|female|27,77,76,75,113 
053|female|94,105,104,26,42,73,149 
054|male|219,185,170,134,126 
055|female|181,151,163,184 
056|male|232,100,85,65,72,61 
057|male|139,138,145,64,44 
058|female|115,116,121,128,24 
059|female|196,207,79,260,182 
060|male|172,250,166 
061|female|176,189,62,122,83,92 
062|male|46,33,153 
063|female|143,206,187,200,197,101,64,270 
064|female|53,50,25,65,95 
065|female|165,190 
066|female|6,7,8,108,9 
067|female|31,120,110,111 
068|female|107,112,41,48,71,18 
069|female|38,215,208,136 
070|female|137,114,217,140,106 
071|female|144,161,164,44,34 
072|female|218,39,14,16,28,36 
073|male|157,195,204,148,160,162,156 
074|male|52,68,30,23,19 
075|male|174,3,173,32 
076|female|177,192,193,201,202 
077|female|17,216,49,211 
078|female|80,178,194,186,188 
079|male|90,184,163,142,57,199,89 
080|female|84,210,151,240,141,99 
081|female|171,169,203,191,180,82 
082|male|141,47,210,205,209 
083|female|198,175,154,159,127,93 
084|female|126,149,219,185,170 
085|female|79,116,121,128,24,196 
086|female|58,81,139,138,64,115 
087|female|206,187,197,270,53,190 
088|female|107,41,48,71,114,137,76,250 
089|female|131,123,213,167,75,77 
090|female|73,150,132,92,182 
091|female|181,86,166 
092|female|51,66,130,55,102,70 
093|female|5,4,60,155 
094|female|122,158,46,56 
095|female|112,108,26,105,189 
096|female|115,125,96,179 
097|female|71,76,123,131,250,137,114 
098|male|47,211,175,93,127,159 
099|female|217,114,38,164 
100|female|215,117,118,1 
