AR 017 023 056 104 105 114 135
BG 042 048 056 065 088 104 107
CH 004 005 012 034 035 036 045 048 052 053 057 120 126
CR 001 010 018 026 029 032 074 092 093
CZ 005 009 031 033 034 036 053 061 071 072
FR 009 028 030 031 033 052 064 065 070 076
GE 015 017 046 056 058 065 074
JA 002 021 037 048 051 053 057 064 086 201 202 206 209 221
KO 018 030 043 044 057 065 074 078 079 090
PL 008 018 032 076 083 085 088 096 099
PO 105 106 108 109 110 118 126 127 140 150
RU 017 023 035 041 088 101 114 115 119 121 123
SP 037 041 048 059 060 064 074 083 098 099
SW 001 013 023 070 072 077 078 080 084
TA 022 028 038 047
TH 001 005 027 031 041 065 067 077 083
TU 010 017 044 048 049 051 064 091 093 096
VN 003 007 023 028 042 043 061 076 085 087 118 123
WU 008 011 013 015
