Accuracy: 0.888 (18064/20349 classified correctly)
Confusion matrix:
    AR   BG   CH   CR   CZ   FR   GE   JA   KO   PL   PO   RU   SP   SW   TA   TH   TU   WU   VN  
AR  654  0    3    8    2    0    17   3    0    21   14   26   55   17   1    0    3    0    0   
BG  3    1027 1    11   3    0    0    2    0    108  67   10   0    0    0    0    0    0    0   
CH  7    0    966  0    0    0    0    6    51   2    13   5    2    0    1    3    2    4    0   
CR  1    0    0    850  3    0    1    0    1    31   2    56   41   31   0    0    11   0    0   
CZ  0    2    0    5    1110 2    2    2    0    189  0    8    3    1    2    20   0    0    1   
FR  0    0    0    1    0    1049 0    0    0    9    1    10   0    10   1    0    3    3    0   
GE  12   0    24   0    46   0    1035 3    0    5    7    14   2    2    0    0    22   0    0   
JA  2    1    19   0    35   0    0    340  82   0    1    4    2    0    0    0    4    0    0   
KO  1    0    4    5    2    0    0    33   1071 1    1    0    35   13   0    0    3    2    0   
PL  0    1    0    0    1    0    7    0    1    1476 0    12   1    1    11   1    1    0    0   
PO  5    0    0    4    2    1    3    1    0    1    789  42   41   29   0    1    4    1    0   
RU  6    0    2    86   8    3    0    3    1    9    16   1531 18   8    0    1    2    6    0   
SP  32   6    1    11   1    4    1    1    6    1    29   68   856  91   1    2    4    3    0   
SW  0    0    0    69   2    2    0    0    0    2    3    33   40   1185 0    1    10   0    0   
TA  0    0    1    0    0    0    0    0    0    0    0    1    0    0    404  8    0    0    0   
TH  9    0    3    0    0    0    0    0    1    0    0    0    0    0    0    1309 0    0    0   
TU  1    2    0    42   5    0    1    0    5    12   16   18   2    4    2    0    980  0    0   
WU  0    0    17   1    0    1    0    10   6    0    7    1    6    7    0    0    2    289  0   
VN  3    1    3    0    1    0    0    0    1    0    0    0    0    0    0    1    1    7    1143
C_primary value: 0.150

