AR 010 017 021 023 025 066 067 114
BG 018 025 041 054 067 070 071 111
CH 022 025 052 053 054 055 058 071 072 073 105 106 109 110
CR 004 023 029 049 056 064 071 074 085 094
CZ 003 005 011 015 016 019 041 042 043 060 069
FR 004 005 013 028 039 043 050 062 066 081
GE 028 030 031 047 048 054 056 075
JA 002 013 040 041 055 060 061 074 100 112 205 207 210 218 223
KO 014 028 034 037 050 070 071 076 090 100
PL 015 022 038 042 054 057 058 062 071 075
PO 070 071 108 109 110 114 125 126 140 141
RU 007 030 039 046 058 067 074 089 093 105 115 120
SP 020 035 049 052 053 075 078 082 084 098
SW 014 017 027 032 037 054 081 089 093 096
TA 012 021 023 035 040
TH 004 007 018 019 029 042 048 050 062 070
TU 020 051 053 055 060 070 091 093 099 100
VN 001 015 024 029 033 042 046 050 052 055 094 112 119
WU 002 010 012 014 015
